		"Chrome-HTTP/2"					"Chrome-QUIC"
30		650.8300316	37.16566612		410.5011227	20.57093398
50		689.6261991	82.90811781		402.6602014	16.76265357
100		799.9189605	38.97152887		438.4310177	18.44060034
200		865.430006	11.78978285		451.3535683	23.45992851
300		871.9910656	42.30255645		460.1183705	29.50403738
400		894.3681828	12.85411261		452.5310613	25.10588374
500		898.0599135	10.60113968		457.4564096	24.10623407
600		915.2672703	4.876780779		468.1583365	36.94552058
700		921.7820448	2.96833013		470.3095006	21.3624116
800		923.7887546	2.41268772		477.9605635	15.85888086
900		924.4911678	4.65439138		473.0600467	22.46581245
1000	923.7696508	7.612156703		471.9094149	18.91287052
