		"Chrome-HTTP/2"				"Chrome-QUIC"					"(Reference)"
0		""	""						""	""						0
50		47.73757091	0.0743468687	48.53450348	0.08124403095		
100		94.98341309	0.4485719637	96.58000159	0.5623800415	
200		187.6657981	1.859073808		192.2010599	2.025180482	
300		283.4974343	2.491401741		287.6858232	3.165587148	
400		372.6677911	7.496537267		381.4060243	4.718181334
500		460.8225019	8.781345082		446.2725169	11.83656922
600		559.4988077	14.20339752		449.7862268	16.14148513
700		646.3477184	14.04392425		447.7294521	35.41365721
800		739.1706807	18.84028218		447.8235803	19.26267146
900		826.5802292	20.74572065		453.1458791	25.9269166
1000	889.4225959	20.42702819		456.9484299	13.45813244
1020	""	""						""	""						1020
