		"Chrome-HTTP/2"				"Chrome-QUIC"	
50		10.46192765	2.509657267		59.54651952	10.59269153
100		16.29530744	3.169192705		88.08810314	7.184848169
200		25.96430407	4.957495752		96.83431782	6.408763115
300		34.52322476	6.00392654		95.54706942	5.141464909
400		45.78504425	7.466194387		97.37478077	5.517588111
500		55.21840426	11.18875692		98.00408196	4.310000364
600		58.10151899	9.989007577		97.60913828	4.996429016
700		67.36823529	10.3913821		97.2801026	7.186823896
800		71.25353982	10.60069291		97.68845775	4.808750381
900		75.03742857	11.76157311		97.67653827	4.41791136
1000	75.98654206	9.968563963		95.58570571	7.629030465
