		"cURL-HTTP/2"				"cURL-QUIC"					"quic\\_client-QUIC"
30		922.8975921	0.9943881942	839.3130782	64.89036603		860.9529574	54.80861781
50		929.8490711	0.7968591556	831.4845106	54.51707723		861.3980079	56.94792378
100		933.4174251	9.614574373		842.6131851	66.56997297		868.6371173	41.39949992
200		938.4688048	0.2409132407	837.3457803	46.9064622		846.1881468	51.32397471
300		939.1966788	0.9383698102	859.7828767	58.96808269		831.178521	22.56102361
400		938.5566514	5.650552616		854.2213481	53.16364455		847.0945975	18.456912
500		935.5711396	10.54137942		854.8667325	50.53364595		817.6055709	45.97124426
600		940.0996679	0.2513685714	843.6978561	71.90731998		804.6130012	6.359104767
700		931.03454	14.66276233		835.7832067	69.41100239		807.0165749	10.12803737
800		937.8069333	5.407700082		834.0172365	45.83643863		823.3383733	7.762619606
900		932.4068234	15.45196605		824.8869207	63.37191666		811.681688	38.42389521
1000	926.4998592	18.34734192		823.146808	52.53335618		829.604453	19.33836246
