		"cURL-HTTP/2"				"cURL-QUIC"					"quic\\_client-QUIC"
50		3.615148678	1.447515903		14.20747594	6.088280233		99.37904703	0.69389341	
100		6.646853685	2.510797497		26.7784492	9.03818675		99.34897542	0.6446801661	
200		12.50562363	4.705192124		43.22295503	9.498625385		99.29704709	0.6587976643	
300		18.15103679	6.642638387		53.1724026	8.339010387		99.32361249	0.6259870882	
400		23.14277273	6.967352441		55.63211712	15.65670407		99.37459352	0.6468116521	
500		22.53833333	6.922608331		64.76273224	10.3967741		99.34632195	0.6504971639	
600		27.44553333	7.072147014		69.82929936	10.11541726		99.35835492	0.6353491069	
700		30.06147287	6.913360517		69.23462121	14.26498619		99.38932418	0.626750434	
800		35.32738318	10.23811153		65.40704545	14.82587612		99.38430907	0.6354888737	
900		39.20677419	6.34536918		66.84764045	17.94727434		99.36587905	0.6304146949	
1000	39.76470588	5.963986742		67.6492	17.44146567			99.39334969	0.6152144382
