		"cURL-HTTP/2"				"cURL-QUIC"					"quic\\_client-QUIC"			"(Reference)"
0		""	""						""	""						""	""						0
50		47.77735873	0.07790859695	47.97821234	0.2029766963	48.37410668	0.002192335777	
100		95.08695185	0.2860650611	95.03349953	1.10427796		96.25355869	0.1589230104	
200		188.1008027	1.585760238		189.818956	2.194177801		190.8013426	0.05803137772	
300		286.4622529	0.6605434712	287.0236599	4.362672719		283.2315682	0.1535536904	
400		381.9385846	1.210868435		385.5139522	2.682190735		372.9997717	1.410482381		
500		476.9457758	2.330048832		478.8257745	4.656810578		460.4110463	1.963073741		
600		571.1505219	6.003428504		556.0200135	16.65583545		544.6421636	3.766270812		
700		666.4578605	5.386117585		645.0399027	24.84623666		611.1336223	7.936005633		
800		762.9926607	5.272729621		713.2237586	17.87812411		673.0991988	14.62798964		
900		858.0784643	5.58089333		754.920411	56.6881252		723.0957517	17.68125458		
1000	938.9449783	4.586838766		792.0430849	77.34525463		757.1616344	26.71758372
1020	""	""						""	""						""	""						1020
